144
2379
2853
1892
3022
509
446
723
1246
2520
178
2421
2837
1294
186
3202
157
3388
3036
1042
414
1723
2061
2657
3083
968
557
3208
435
3057
3050
1208
2319
1444
2603
2999
458
616
832
2173
3400
730
410
1414
203
202
127
1019
299
2711
2549
2853
115
1544
3177
1852
335
1065
2841
851
1927
2441
2564
280
2631
3489
3179
3325
3414
245
2569
1231
1232
1635
836
1281
1751
1861
3299
400
1109
2260
1481
2762
1604
3235
3124
1171
1646
2996
180
591
1044
2964
887
2275
2706
1862
1684
2750
669
86
1247
3445
1246
3377
1045
2776
424
1324
3149
3241
1993
2937
2857
740
53
636
3233
1941
1489
651
921
691
3138
1880
3168
389
564
2204
2502
1248
2080
3466
1408
947
2884
1714
2062
3156
3192
611
124
3419
1153
3198
1135
1106
3147
757
316
3423
1010
2420
1643
1891
1172
3237
1943
3338
1621
3464
1981
2659
1813
2155
1726
1340
456
1330
2574
3368
2869
1962
1623
2703
3200
825
932
1870
379
1128
374
2442
1096
976
2463
3030
1232
1842
1055
3022
2343
427
370
1985
1763
3315
178
727
3395
3092
1195
349
2488
89
2527
3382
2700
1093
2719
902
2936
399
160
3410
2354
933
79
1493
1010
218
2966
2263
231
490
1540
1774
718
626
604
554
1075
242
1799
2567
3013
3234
771
1197
2650
3446
2389
2765
3226
466
977
69
1669
2605
2502
1986
205
531
1766
921
548
3242
1271
1266
324
1711
1285
677
3250
781
2497
3246
139
963
1217
1421
20
2622
3333
2351
776
3469
1366
1431
3367
2562
639
1392
979
1967
852
3058
2361
2189
3089
429
1307
862
1766
896
3044
2718
1652
729
2852
1856
716
2113
2369
2409
1977
2648
1926
291
2943
3426
817
1144
2583
3284
3291
2396
2350
872
122
3368
1521
1293
2934
871
2837
3057
2111
3242
1313
2338
2220
1871
2329
2310
2550
17
424
3214
3323
1868
422
3056
125
1954
2033
56
3186
2315
2894
1937
4
1382
1526
2353
1266
603
1422
476
266
367
2512
3437
2169
741
1228
1217
3126
2504
214
2781
1991
1315
133
3089
2327
2845
1186
1081
851
1175
3408
1049
1077
724
1862
698
1402
527
406
507
3452
1194
2355
744
673
2665
1545
2094
1647
1273
3143
2772
1087
1559
604
618
1045
1058
255
3233
459
760
2622
1236
856
1667
3260
679
1016
628
2627
3445
2939
2304
1367
1150
305
411
222
778
2537
44
167
797
1414
145
1115
3040
2924
1323
405
3117
695
901
2479
337
2730
3155
2588
56
158
193
1250
2027
604
397
766
1510
3161
1583
2522
1595
216
1379
2985
713
335
1376
988
651
298
2344
1940
976
361
193
2553
1173
1217
113
1269
2609
54
447
127
1677
2006
1987
2501
340
2122
1806
5
1847
2796
917
3023
1226
3416
1795
884
1205
32
2957
2887
446
3259
2429
1702
158
2296
2951
406
2923
2389
2281
2036
2747
3489
1450
203
2911
433
1902
1565
170
3193
253
2473
3141
3199
887
1518
2226
817
3133
3163
1253
3321
1364
487
3416
974
2817
1526
2447
659
3464
2077
2053
2487
2945
1019
3425
87
3434
1120
861
1114
1442
1335
3011
1464
2953
615
1071
2556
2920
2849
3411
2261
3399
3428
2134
1368
3228
929
83
403
883
2648
409
174
2788
2826
3077
2170
1101
3382
2397
2698
2840
3368
1748
3160
1331
2981
1044
2368
969
2525
1140
2576
2881
2425
3040
1979
2301
3180
199
3427
1261
842
1218
534
1501
400
2237
1873
2644
707
1695
358
2915
518
3345
3325
1922
1433
3262
676
2726
1193
1420
3197
492
237
1835
2018
1196
233
537
246
2395
85
1138
2206
2884
2105
2985
2234
2395
446
3013
2632
232
925
2634
1949
317
516
2573
1970
2751
2301
1935
1189
3081
2240
3343
1268
2003
631
2897
2293
27
1598
2006
1326
1887
1385
2556
282
1612
1271
2988
1902
624
253
807
1001
2118
45
1614
2695
1076
1378
1299
1845
3427
630
1688
189
2832
1335
875
2122
2789
3333
1027
1055
150
2224
1967
3355
2726
1768
1789
3374
2113
952
862
2223
3141
1258
2718
2263
2508
3257
2166
3239
1413
2432
2771
1271
1427
2273
272
1824
15
2256
485
1972
3058
2225
2961
2680
1912
1278
627
730
2705
1182
1792
36
3109
1560
1980
1721
1730
532
62
1397
1778
3408
2847
1279
2981
853
2276
1
1203
278
2724
1346
3451
3303
2034
2705
432
846
81
1958
160
1809
2243
620
186
923
270
2643
524
425
1951
2112
2401
1613
1296
2373
1623
1006
876
1536
3460
419
2778
720
1364
1940
2059
3120
1625
1128
239
2506
2831
302
380
1508
2030
2646
3343
1028
1135
3274
1985
902
1820
2385
2044
1641
758
3083
3107
400
384
806
3029
2623
1462
2691
233
1815
2266
1894
2257
2414
745
59
2957
2559
2801
2183
2271
3201
683
2654
2922
3211
966
893
2297
2032
529
1471
2701
2097
177
3484
1137
428
1446
88
1080
3044
313
2624
1529
2159
3342
1828
3040
306
1489
1844
2107
2617
672
2633
2421
3301
2477
1055
2953
415
2453
812
2217
1950
1157
1751
859
3478
1468
791
1107
2811
1768
2905
2426
1110
1703
2316
1227
1775
616
1924
3297
1197
392
3416
2086
167
894
1888
1355
637
2620
911
839
2165
533
816
2350
791
2628
119
655
1720
118
548
1110
26
3063
1781
2258
747
88
1512
2277
115
859
1374
1692
1289
2032
2528
1859
3360
3115
2018
176
3233
1049
1672
1495
2907
419
3168
2382
2967
3083
3427
420
617
1641
2519
1591
1821
3328
1671
254
1645
2956
1203
2145
2918
611
1055
1852
83
1495
2872
1819
2088
2693
1767
94
350
2466
2917
3489
2827
2136
2607
1154
38
1687
2321
3437
2200
1483
26
1461
42
66
2442
3339
2814
3003
2340
3015
104
1890
779
1658
14
699
1416
3345
3344
241
2433
1741
85
3120
3005
49
316
404
1130
2823
1024
1254
2949
821
1287
2507
349
1680
2368
1619
98
1154
486
940
3397
2920
1927
2532
1631
2282
2731
3300
2501
1132
1521
1784
450
1992
2983
1863
1959
1590
2231
943
657
2620
2580
2242
2321
2004
1178
2827
1778
704
84
1585
1944
1458
247
3068
843
2193
545
1252
3458
3177
2499
2448
1047
3165
3149
817
3206
2405
854
2981
2188
1549
776
1282
1806
2559
226
410
1179
12
3064
3230
1884
656
617
3227
3484
1490
478
3440
2100
1438
3007
713
2882
1756
1139
1858
36
3052
3145
1793
589
835
186
1505
1211
2115
2842
826
2892
1818
584
1643
1635
511
67
1689
1457
897
49
245
3292
1633
2843
36
215
857
3195
1956
1306
1758
2566
1349
1831
1580
3474
3256
1006
686
3397
2661
645
1829
2696
577
1496
2980
2964
405
1986
2060
2773
2975
798
3114
107
1496
1698
1564
2694
1289
1519
3104
880
1347
610
3461
2757
3361
2217
1514
2666
3479
3283
379
2019
2591
1680
2740
1941
1353
131
138
366
2836
2517
2986
3072
2158
1143
51
1346
1551
185
1898
1469
1714
2059
935
37
2173
388
2109
1684
1987
331
1600
2488
1942
1300
2450
1531
3427
2975
1074
836
1001
973
182
164
1898
1351
990
1455
2137
866
2266
1910
2006
2787
3437
1138
2421
894
1963
968
732
3078
2406
1732
2056
1773
1123
2635
1236
3288
1775
3333
2593
1944
81
1449
3143
3359
2523
3247
2199
830
2066
442
852
3132
2788
146
1757
700
912
105
1028
2257
96
22
1414
1025
800
822
1020
1157
459
1487
2457
899
3375
1969
3241
1384
3083
1629
2038
1620
115
2921
2258
361
1720
2742
2047
651
1956
756
2131
3264
343
754
1596
2390
3232
1385
3237
1089
2340
427
2364
2958
1357
2408
466
2882
2625
883
2271
2358
1585
3029
275
1705
3238
2238
2790
443
3419
748
431
586
3285
298
2645
1954
3454
2907
868
1592
3459
1633
3431
1156
883
3300
3004
1604
2123
306
1889
2253
1583
2114
268
760
1401
2334
749
615
870
858
3472
1335
2811
3360
1066
2377
3292
2544
1742
3279
1809
102
2728
1719
869
2916
2195
359
3387
1052
854
1343
2900
116
528
1665
2710
2507
2150
971
1566
2182
1885
1212
2314
2202
773
1970
415
719
2431
345
2089
830
1217
1941
3282
276
859
815
810
304
2199
1153
2408
2555
3144
526
344
3105
323
1933
2627
2188
79
1795
1996
2679
977
14
2597
1414
1659
18
3273
3285
1395
1662
1126
3077
2904
419
285
2966
1229
1277
689
377
2195
1703
709
120
1491
496
3024
2271
2345
1543
1838
2082
572
614
1764
1166
781
1064
3022
2112
2644
2615
313
1073
928
2516
874
1793
908
1098
2623
796
342
1384
779
3032
2125
1184
2292
2033
3312
1252
3005
1685
522
2263
857
1805
2673
3241
2979
1389
143
1525
1810
3163
2124
2530
513
1989
53
3398
3455
3464
940
2641
1891
3183
1164
2226
3054
980
814
298
2409
828
1514
1775
3285
1363
719
519
403
552
1364
248
2283
2131
60
1126
2457
801
821
2032
2749
831
1237
1056
1108
1879
676
1150
2947
2262
2102
2934
290
2750
9
784
658
2263
2923
358
470
2244
1098
110
2694
1502
3238
1129
1378
2345
852
3363
1557
1594
1963
3374
1061
296
2226
1067
1382
2626
1763
1081
1035
3104
1323
2300
2582
2685
3232
1926
1291
877
81
1243
1173
2259
3449
214
2569
2368
2780
978
2661
2095
2587
636
2454
2347
2938
2467
280
408
2195
1780
547
2830
2258
321
2616
695
236
2478
2811
2535
2212
2558
1049
594
1541
2939
2076
1203
40
3099
596
1386
299
1427
3147
3439
2832
2988
1932
2031
1777
1889
1312
1894
3283
301
168
1640
1950
2912
1211
1360
2111
2163
592
775
2987
2447
3083
2594
2256
1119
1339
2645
1318
2872
3422
1215
410
3148
3408
2883
2471
2574
2375
1605
538
1214
155
2192
510
2651
2572
1933
915
607
436
3222
3455
2571
3048
2085
923
494
525
1217
1712
1949
1244
3227
3463
2177
407
2657
1401
299
3046
289
247
718
3430
624
2454
122
2217
1777
1553
2585
1559
2777
1431
3065
483
259
2221
1783
3172
2316
1785
1189
78
1272
2679
743
1171
933
2989
2254
3405
445
183
1339
935
2511
2434
1049
1236
2193
1211
1081
1358
2291
3329
2765
2186
2122
58
2518
3270
473
1846
2219
1412
1262
226
2063
3300
761
2360
1121
3337
70
1562
2644
306
1699
731
1318
1184
794
3322
2489
2324
2910
91
2740
2011
1388
3219
766
707
1621
84
1556
1831
1719
2770
3183
1370
3287
314
1111
2422
1695
3046
790
3099
3172
1248
3096
2564
1356
2744
390
332
2797
1161
988
2981
2320
1197
727
45
972
75
2154
329
328
1345
1963
2999
3018
1257
2292
2767
2822
3159
3307
40
636
1763
2830
2781
396
3106
2569
2911
566
2054
1989
329
1323
1771
2729
1317
1994
93
1219
1108
2598
3115
2945
522
2900
1331
1748
644
229
641
555
3129
589
936
2661
1942
1199
1355
3458
1411
2361
130
3204
1843
3204
2977
796
808
2736
850
1874
3458
1484
1744
2575
1226
2740
603
1927
354
3224
723
2513
1424
3308
367
3033
3183
2418
3422
107
563
810
529
3182
2467
625
1071
2600
1627
2957
3070
3019
2464
3344
758
3203
1849
2735
890
2388
2163
2233
2418
2925
394
2802
1389
2404
1962
2835
484
2567
68
1167
2163
3019
1763
376
325
1163
2861
2914
2367
1510
1171
3025
1464
1139
3138
2230
886
246
719
1989
2356
2756
1879
1520
1913
667
1979
1495
2615
2326
74
1511
2790
1324
859
1440
3176
1344
829
1632
2384
1809
1102
2977
1793
2681
752
1570
1587
154
2938
706
1937
1155
3063
1729
577
2803
1818
3142
803
2172
1447
2800
2657
3336
2585
2369
2307
2842
2069
3470
511
622
2842
505
2981
1382
1022
3443
1031
1846
3081
2121
2359
437
2235
2903
1410
3232
2664
3260
292
869
659
1896
2045
380
765
1385
3385
1127
430
738
908
1393
659
3374
2536
1247
1340
3013
1256
2354
2622
1707
474
2258
36
2324
457
2167
359
1932
1380
2972
287
2718
1164
738
276
3082
1398
3457
1098
994
1479
412
1119
2092
1982
711
1388
1987
3313
578
3447
2856
34
633
3428
687
1548
1510
2335
1697
1171
2651
604
2873
1268
2864
1483
323
1612
2687
2770
3377
1739
2872
2353
1054
485
606
1945
753
3304
1745
1111
2401
3022
1304
89
2861
369
836
3285
3129
3162
2691
1275
640
30
2326
3456
1188
141
637
1511
3166
317
1005
1393
1788
2865
552
847
1165
740
1659
2296
1534
1052
2231
2682
3028
2509
2219
3274
1793
1164
895
1220
287
1629
2308
1840
1117
1652
2531
3015
1549
1322
878
1407
2835
1258
2828
2951
1039
3101
1002
2943
1235
702
132
2760
1093
2004
3425
3157
367
2973
1176
1823
2373
2076
385
3432
2341
1409
1791
381
3435
741
3342
554
590
3347
2340
1174
1689
38
1882
2502
1854
1289
1436
1226
1302
2211
1951
3477
1360
1196
3137
847
948
965
347
1950
1802
3176
1716
3438
171
419
189
1992
3161
2283
3065
994
1658
3269
123
3311
60
1799
458
3131
2175
3224
1207
367
499
3110
3135
1988
1836
3417
913
2987
2412
3008
2545
1176
661
1059
3422
2487
1310
1553
550
1251
1991
2200
3177
1630
2554
1469
1861
3421
3163
2907
1310
2187
3416
1630
3451
2455
343
1262
1744
3141
2107
1746
537
2107
1385
2378
1988
2267
2511
2089
2778
2036
2484
2215
2546
674
1300
3040
3061
769
2000
3211
3333
3387
3325
1048
627
789
1306
1721
1619
1853
982
398
333
2721
189
580
887
2889
877
1146
3383
3353
616
3004
2312
337
1194
1542
2630
1327
1512
2358
96
2291
2987
3465
420
2005
683
2090
3335
2421
509
1251
2921
1637
407
243
1198
2749
783
1977
2413
1969
3074
351
2329
126
635
2398
1392
870
2921
1755
627
2096
2788
69
1245
1739
1348
3264
2787
908
1950
3074
3167
2285
912
266
251
268
2935
3397
3488
2554
3381
1412
948
1348
1563
464
2961
803
3073
1497
1337
2587
294
2491
718
1097
1684
119
3187
643
2759
131
966
931
3439
131
2310
2375
1465
3171
2137
632
2810
167
3376
2667
1365
1539
491
2042
3172
1889
2341
2284
926
1038
768
1241
1986
874
978
482
2090
46
624
2624
358
2142
3081
1347
2687
760
1575
1116
511
2071
119
2574
1558
686
41
422
3388
385
2779
2611
2457
2802
1535
1105
204
1553
1525
2565
2343
1019
3362
3254
732
917
2629
3447
353
2657
1066
2904
3242
29
507
2687
3260
1789
2962
2368
694
3468
3078
590
2769
2611
2843
181
1087
810
2672
761
2407
758
1965
749
1650
3357
3388
2075
2449
3425
456
3381
265
1484
2751
1289
958
3088
1702
1426
1705
3023
1346
2336
89
927
940
2317
611
1806
1660
2002
1000
458
3423
3401
2967
1006
807
2533
610
2059
1363
1990
2726
504
2592
1632
303
654
736
632
529
697
3121
7
211
207
748
2926
375
78
704
2624
81
1899
217
2877
938
1508
2055
1167
3246
162
13
1111
2922
1641
2603
3303
3475
772
1506
1675
130
2628
2274
61
2582
2613
2601
2338
560
381
1225
690
1002
1857
3171
2841
3332
1959
2817
518
825
2721
2402
1175
2078
2805
689
3139
2443
1569
2310
53
298
191
3098
610
1672
2516
3341
2911
1326
2795
3440
3023
1130
2235
1086
562
2653
959
2083
815
1154
2865
1432
2407
2346
2602
820
129
2930
2201
3142
2896
2322
146
371
3222
2085
2379
1359
2558
222
364
3163
2097
1116
3334
3291
800
2978
2930
2101
3294
290
2045
3047
1277
967
1706
2171
1544
808
2318
453
1536
2436
1536
2231
1574
2551
3275
3207
3235
2190
296
1169
150
2878
1070
1577
704
338
1704
3107
1960
3212
1757
1813
995
339
3475
1928
1090
891
125
2159
1704
1513
257
2840
910
819
787
1926
2687
2586
2324
3479
1062
438
217
1281
2993
1700
3365
2606
2663
2241
2880
2989
1313
3094
136
2615
1281
2480
862
2765
945
231
2797
3393
1545
701
234
932
2061
841
1772
1434
647
1864
2867
2893
1428
1039
1144
785
670
2637
392
176
3112
99
1607
1213
1227
405
3327
1622
563
2478
300
2680
69
1735
2961
936
598
483
425
1838
3034
686
479
844
2425
1965
1273
1557
372
1449
656
3445
2585
2641
138
2424
1274
1243
3387
104
1319
1656
751
2338
1681
587
959
2028
2583
3271
3113
649
2757
3315
2220
3036
2467
1113
2472
272
1999
3013
1398
407
189
2760
1389
958
2764
2766
368
1465
1083
1629
1211
758
758
2902
1050
309
2656
1735
3116
1930
1617
2985
2043
503
2707
2299
342
1271
2644
1722
2018
289
664
1475
1435
1691
1486
2920
1202
509
793
2172
863
664
3063
1996
2504
2270
756
2528
1495
3218
1471
3398
2358
2101
769
254
3083
603
599
798
3189
3477
2867
402
3059
1433
2316
2368
2553
637
1219
755
2587
1579
613
2014
2348
2530
1711
3113
3119
608
2930
3440
2301
382
1379
1851
2735
2572
269
2857
3329
2020
2135
548
1908
2632
697
3485
23
509
3353
3022
1778
1528
1718
2265
703
1241
1411
3227
608
470
1974
2363
3
128
282
791
3066
2156
968
989
448
1811
3436
1656
2027
274
3066
1676
2157
2174
708
1797
3110
3027
2346
3408
117
2729
1802
2390
1238
1060
755
1052
3059
2381
2962
2116
2150
3003
2494
150
1992
2415
262
1497
1328
918
1806
3102
763
2283
624
135
1537
2443
187
521
1093
2882
89
52
2007
103
3280
87
1136
1397
110
4
100
74
2664
493
1113
2981
1563
2004
1561
778
173
1936
99
591
327
3069
315
2263
3485
368
2447
1877
1601
2503
981
3423
2721
2805
138
1464
443
666
1286
467
875
227
1294
2050
2577
1114
2153
1115
817
1783
285
2324
270
70
372
1741
640
111
2556
1220
2259
993
1676
173
563
1093
2058
3431
1025
1273
3480
1893
2824
524
1757
1649
2919
2083
885
649
3406
1796
274
2109
111
2020
2940
2953
633
84
893
2052
2149
790
916
1469
1569
1027
1938
1553
2454
2108
656
1601
1295
204
2673
684
1440
496
2549
2383
241
357
3042
1041
549
1786
479
2966
3230
1833
1867
1508
1729
879
2863
974
2719
2279
3363
2059
346
68
2040
264
1390
293
1932
3162
2181
2775
664
768
2405
2446
2655
3439
2637
2639
2196
363
2007
1660
1988
3146
1867
401
1386
1045
512
658
2906
2599
225
1145
76
1108
2887
2996
1017
169
1273
1363
3149
1868
1165
1937
1318
1055
1161
754
1769
1700
1134
3146
1190
3041
110
3085
1920
1387
1483
993
1636
2298
1336
2039
2695
3323
683
3216
1061
3213
1276
2382
3408
2791
2130
2224
1423
702
1844
2816
2958
3441
2116
3376
2050
3379
3051
2085
766
206
2461
1341
1687
3291
2716
1346
241
2993
982
3145
956
136
536
1086
2702
993
3008
605
2032
2398
2690
1079
685
2369
2426
653
2576
2415
3408
429
1113
2121
1206
2805
3095
1124
2130
3357
1776
1350
1145
1965
524
3238
294
2867
1494
1026
442
1799
3291
2374
198
2899
884
702
1878
44
877
2413
1148
3454
2757
1195
2785
2154
1603
15
2097
2378
2570
2316
1336
1573
2678
1218
1251
362
2922
524
1929
1508
327
300
269
100
1846
126
3268
337
81
1904
538
3010
271
1641
2837
289
2106
558
2643
1714
1930
121
1678
1831
3470
3087
1510
3130
3431
1519
258
19
2591
405
2696
515
1770
2106
2218
971
3043
557
125
1002
2758
2842
2701
1564
1189
2567
747
441
333
3277
2854
1707
2865
135
611
2095
1464
1915
342
1585
2734
2064
1336
2913
2544
1158
1618
1924
2364
3203
36
2760
2860
3415
3477
470
3043
1087
1504
688
1785
2497
874
1000
637
2092
2461
2630
769
941
2680
2609
2743
